6560073
6560073
6559987
6560008
6559987
6559939
6559939
6567140
6567230
6567247
6567143
6566906
6566617
6566617
6566557
6566588
6566557
6566402
6566310
6566310
6566296
6565973
6565755
6565693
6565671
6565545
6565538
6565511
6565357
6565322
6565118
6565105
6564967
6564967
6564814
6564568
6564417
6564046
6564046
6563945
6563845
6563854
6563836
6563847
6563788
6563587
6563586
6563538
6563587
6563586
6563538
6563392
6563278
6563182
6562827
6562827
6562639
6562661
6562639
6562661
6562555
6562578
6562555
6562578
6562539
6562376
6562310
6562203
6562203
6562166
6561995
6561634
6561452
6561394
6561428
6561331
6561341
6561394
6561331
6561332
6561303
6561301
6561303
6561301
6561296
6561226
6561205
6561177
6561107
6561107
6561056
6561053
6561056
6561053
6560928
6560842
6560771
6560708
6560698
6560666
6560628
6560573
6560552
6560512
6560477
6560412
6560412
6560361
6560367
6559262
6560361
6560367
6560292
6560292
6560221
6560221
